1 1725
1 808
1 933
1 953
1 736
1 669
1 402
1 577
1 481
1 514
1 794
1 960
1 263
1 805
1 1024
1 760
1 951
1 729
1 500
1 772
1 691
1 368
1 588
1 937
1 852
1 648
1 424
1 452
1 315
1 507
1 822
1 470
1 599
1 734
1 703
1 520
1 291
1 755
1 152
1 732
1 258
1 231
1 603
1 566
1 885
1 498
1 869
1 623
1 548
1 832
1 672
1 711
1 640
1 734
1 697
1 712
1 755
1 505
1 767
1 721
1 860
1 679
1 721
1 400
1 551
1 861
1 655
1 223
1 622
1 581
1 686
1 731
1 247
1 542
1 478
1 695
1 986
1 544
1 688
1 689
1 686
1 501
1 470
1 404
1 536
1 554
1 518
1 663
1 384
1 887
1 1100
1 594
1 605
1 970
1 596
1 1102
1 700
1 414
1 540
1 738
1 598
1 885
1 445
1 437
1 496
1 678
1 436
1 823
1 498
1 366
1 676
1 376
1 594
1 740
1 726
1 616
1 908
1 544
1 547
1 444
1 773
1 571
1 729
1 713
1 393
1 600
1 474
1 819
1 954
1 810
1 1125
1 577
1 406
1 416
1 422
1 727
1 880
1 755
1 614
1 647
1 658
1 318
1 605
1 334
1 626
1 634
1 645
1 470
1 505
1 431
1 693
1 706
1 646
1 680
1 384
1 469
1 165
1 623
1 575
1 875
1 679
1 516
1 571
1 579
1 983
1 622
1 711
1 528
1 778
1 552
1 168
1 555
1 399
1 273
1 351
1 413
1 816
1 1330
1 736
1 705
1 832
1 859
1 1051
1 592
1 882
1 815
1 850
1 409
1 580
1 665
1 578
1 419
1 610
1 717
1 575
1 695
1 842
1 702
1 444
1 551
1 500
1 690
1 607
1 378
1 742
1 792
1 737
1 377
1 484
1 777
1 985
1 516
1 395
1 426
1 843
1 512
1 498
1 398
1 384
1 907
1 890
1 806
1 434
1 812
1 661
1 743
1 739
1 661
1 948
1 382
1 320
1 565
1 790
1 770
1 993
1 983
1 769
1 615
1 411
1 648
1 1042
1 994
1 667
1 529
1 479
1 801
1 638
1 370
1 461
1 687
1 1093
1 1178
1 606
1 410
1 676
1 1045
1 638
1 496
1 284
1 687
1 750
1 970
1 486
1 377
1 635
1 550
1 510
1 511
1 517
1 803
1 469
1 791
1 851
1 415
1 537
1 600
1 550
1 492
1 563
1 939
1 789
1 517
1 809
1 541
1 792
1 555
1 650
1 435
1 540
1 622
1 939
1 744
1 792
1 548
1 536
1 786
1 768
1 579
1 1003
1 705
1 529
1 384
1 496
1 424
1 614
1 517
1 335
1 618
1 659
1 710
1 998
1 1001
1 715
1 516
1 715
1 474
1 609
1 648
1 528
1 606
1 833
1 304
1 736
1 752
1 496
1 710
1 968
1 451
1 661
1 1039
1 773
1 836
1 704
1 163
1 646
1 740
1 871
1 601
1 409
1 197
1 175
1 368
1 497
1 509
1 691
1 1002
1 781
1 786
1 730
1 622
1 658
1 332
1 748
1 243
1 469
1 285
1 580
1 501
1 620
1 506
1 766
1 709
1 840
1 653
1 713
1 571
1 495
1 564
1 824
1 575
1 502
1 394
1 729
1 888
1 566
1 461
1 379
1 619
1 707
1 826
1 513
1 257
1 699
1 391
1 593
1 677
1 602
1 870
1 795
1 843
1 1076
1 555
1 863
1 1086
1 869
1 651
1 257
1 674
1 763
1 618
1 719
1 461
1 460
1 669
1 734
1 809
1 407
1 304
1 818
1 719
1 626
1 539
1 652
1 658
1 495
1 319
1 531
1 616
1 629
1 866
1 885
1 565
1 451
1 598
1 360
1 661
1 1046
1 447
1 161
1 698
1 713
1 710
1 313
1 663
1 714
1 479
1 808
1 527
1 492
1 672
1 566
1 353
1 676
1 487
1 388
1 585
1 531
1 651
1 312
1 770
1 373
1 675
1 405
1 467
1 604
1 723
1 460
1 357
1 148
1 406
1 608
1 292
1 517
1 588
1 657
1 697
1 619
1 482
1 545
1 408
1 316
1 617
1 847
1 538
1 448
1 459
1 687
1 509
1 398
1 352
1 492
1 336
1 801
1 624
1 834
1 509
1 814
1 418
1 572
1 356
1 659
1 891
1 810
1 585
1 404
1 769
1 900
1 577
1 640
1 366
1 564
1 624
1 255
1 715
1 816
1 648
1 562
1 833
1 558
1 452
1 537
1 662
1 751
1 680
1 503
1 497
1 395
1 621
1 750
1 445
1 374
1 556
1 891
1 820
1 972
1 386
1 624
1 657
1 649
1 450
1 210
1 413
1 783
1 660
1 635
1 632
1 531
1 771
1 803
1 905
1 543
1 617
1 633
1 480
1 507
1 789
1 700
1 579
1 427
1 363
1 466
1 494
1 647
1 640
1 706
1 603
1 854
1 480
1 683
1 553
1 568
1 405
1 365
1 352
1 300
1 569
1 770
1 735
1 823
1 663
1 530
1 460
1 666
1 906
1 862
1 643
1 746
1 879
1 698
1 420
1 576
1 584
1 584
1 736
1 931
1 1012
1 914
1 1000
1 511
1 580
1 804
1 614
1 473
1 372
1 633
1 867
1 530
1 531
1 696
1 576
1 629
1 507
1 240
1 448
1 549
1 629
1 743
1 483
1 617
1 1058
1 955
1 460
1 512
1 416
1 394
1 429
1 619
1 792
1 1067
1 1093
1 727
1 353
1 381
1 461
1 158
1 366
1 231
1 486
1 427
1 697
1 722
1 907
1 822
1 652
1 468
1 826
1 634
1 886
1 746
1 645
1 773
1 860
1 868
1 428
1 393
1 567
1 479
1 421
1 531
1 538
1 695
1 758
1 964
1 823
1 849
1 752
1 661
1 735
1 885
1 823
1 603
1 667
1 979
1 760
1 830
1 563
1 606
1 506
1 438
1 682
1 535
1 584
1 639
1 530
1 1724
1 877
1 323
1 629
1 564
1 514
1 969
1 703
1 854
1 887
1 498
1 282
1 860
1 348
1 947
1 837
1 386
1 412
1 573
1 679
1 598
1 275
1 504
1 407
1 370
1 530
1 182
1 372
1 891
1 357
1 696
1 337
1 367
1 681
1 638
1 625
1 558
1 618
1 509
1 627
1 909
1 564
1 298
1 403
1 552
1 599
1 564
1 774
1 566
1 687
1 458
1 481
1 453
1 510
1 574
1 511
1 729
1 869
1 337
1 437
1 927
1 897
1 604
1 781
1 667
1 710
1 794
1 808
1 759
1 392
1 787
1 818
1 866
1 634
1 1171
1 785
1 434
1 563
1 1041
1 693
1 540
1 801
1 690
1 416
1 381
1 612
1 794
1 738
1 758
1 825
1 795
1 320
1 658
1 995
1 712
1 685
1 672
1 328
1 751
1 740
1 1071
1 636
1 742
1 769
1 622
1 617
1 791
1 458
1 436
1 719
1 627
1 340
1 481
1 745
1 583
1 750
1 632
1 454
1 781
1 823
1 474
1 817
1 782
1 783
1 641
1 518
1 709
1 846
1 942
1 902
1 849
1 632
1 812
1 934
1 1026
1 1090
1 1057
1 828
1 661
1 588
1 847
1 796
1 414
1 778
1 627
1 534
1 811
1 979
1 568
1 746
1 589
1 752
1 622
1 433
1 495
1 483
1 521
1 442
1 921
1 709
1 505
1 633
1 662
1 808
1 526
1 480
1 679
1 198
1 504
1 757
1 803
1 538
1 793
1 675
1 828
1 873
1 727
1 790
1 587
1 678
1 414
1 457
1 783
1 724
1 717
1 335
1 441
1 753
1 632
1 503
1 495
1 943
1 793
1 559
1 642
1 185
1 430
1 511
1 837
1 665
1 628
1 675
1 504
1 241
1 475
1 608
1 737
1 832
1 350
1 653
1 845
1 1000
1 826
1 733
1 346
1 550
1 803
1 725
1 1158
1 673
1 517
1 962
1 889
1 696
1 743
1 507
1 328
1 480
1 437
1 282
1 498
1 472
1 387
1 176
1 565
1 875
1 704
1 615
1 456
1 842
1 987
1 697
1 667
1 765
1 240
1 433
1 571
1 554
1 746
1 829
1 596
1 365
1 661
1 823
1 528
1 564
1 689
1 789
1 694
1 464
1 362
1 390
1 375
1 433
1 449
1 737
1 768
1 815
1 735
1 588
1 509
1 139
1 646
1 567
1 466
1 795
1 804
1 768
1 470
1 757
1 580
1 696
1 665
1 717
1 536
1 395
1 499
1 517
1 619
1 709
1 483
1 361
1 333
1 588
1 531
1 708
1 702
1 802
1 632
1 786
1 659
1 759
1 637
1 862
1 528
1 464
1 902
1 875
1 706
1 560
1 1093
1 677
1 820
1 509
1 790
1 760
1 868
1 907
1 899
1 626
1 637
1 798
1 719
1 821
1 834
1 540
1 478
1 317
1 667
1 543
1 878
1 759
1 856
1 650
1 714
1 900
1 477
1 498
1 342
1 201
1 505
1 490
1 306
1 436
1 384
1 526
1 536
1 695
1 761
1 519
1 632
1 722
1 664
1 451
1 697
1 377
1 528
1 321
1 681
1 629
1 280
1 522
1 631
1 555
1 4094
1 4093
1 4094
1 4094
1 4093
1 4094
1 4093
1 4094
1 4093
1 4094
1 4094
1 4093
1 4094
1 4093
1 4093
1 4093
1 4094
1 4093
1 4093
1 4093
1 4094
1 4094
1 4093
1 4094
1 4093
1 4094
1 4093
1 4094
1 4093
1 4094
1 4094
1 4093
1 4094
1 4094
1 4093
1 4093
1 4093
1 4093
1 4094
1 4094
1 4094
1 4094
1 4093
1 4093
1 4093
1 4094
1 4094
1 4095
1 4094
1 4094
1 4093
1 4094
1 4094
1 4094
1 4094
1 4094
1 4094
1 4093
1 4094
1 4094
1 4094
1 4094
1 4094
1 2821
1 706
1 402
1 658
1 537
1 615
1 564
1 855
1 893
1 696
1 684
1 591
1 670
1 681
1 585
1 674
1 659
1 766
1 795
1 615
1 727
1 495
1 603
1 556
1 554
1 739
1 316
1 602
1 426
1 474
1 608
1 635
1 415
1 411
1 632
1 923
1 1019
1 975
1 1085
1 422
1 319
1 4094
1 4094
1 4093
1 4093
1 4094
1 4094
1 4094
1 4093
1 4093
1 4094
1 4093
1 4093
1 4094
1 4094
1 4094
1 4094
1 4093
1 4094
1 4093
1 4094
1 4093
1 4093
1 4094
1 4094
1 4094
1 4093
1 4094
1 4094
1 4093
1 4094
1 4094
1 4094
1 4094
1 4094
1 4094
1 4093
1 4093
1 4093
1 4094
1 4094
1 4095
1 4094
1 4094
1 4093
1 4094
1 4093
1 4093
1 4093
1 4094
1 4094
1 2810
1 1088
1 885
1 905
1 633
1 727
1 555
1 615
1 647
1 1184
1 911
1 556
1 423
1 341
1 784
1 518
1 351
1 442
1 371
1 933
1 1067
1 438
1 170
1 530
1 571
1 738
1 695
1 474
1 637
1 683
1 643
1 138
1 142
1 365
1 553
1 498
1 643
1 875
1 552
1 842
1 775
1 935
1 510
1 542
1 4093
1 4093
1 4094
1 4094
1 4094
1 4093
1 4094
1 4093
1 4094
1 4094
1 4094
1 4094
1 4094
1 4094
1 4094
1 4094
1 4094
1 4094
1 4094
1 4093
1 4093
1 4094
1 4094
1 4094
1 4093
1 4093
1 4093
1 4094
1 4093
1 4094
1 4093
1 4093
1 4093
1 4093
1 4094
1 4094
1 4094
1 4094
1 4094
1 4094
1 4094
1 4094
1 4093
1 4093
1 4094
1 4093
1 4093
1 4094
1 4093
1 4093
1 4093
1 4094
1 4094
1 4094
1 4094
1 4094
1 4094
1 4094
1 4093
1 4094
1 4094
1 4093
1 4095
1 4094
1 4094
1 4094
1 4095
1 4094
1 4093
1 4093
1 4094
1 4093
1 4093
1 4093
1 4094
1 4093
1 4094
1 4094
1 4093
1 4094
1 4094
1 4094
1 4093
1 4094
1 4094
1 4094
1 4094
1 4094
1 4094
1 4093
1 4093
1 4093
1 4093
1 4094
1 4094
1 4094
1 4094
1 4093
1 4093
1 4093
1 4093
1 4093
